Force, Ch A vs Angular Velocity, Ch 1, Run #1
Angular Velocity, Ch 1 ( rad/s )	Force, Ch A ( N )
15.4	2.91
15.4	2.89
15.4	2.89
15.3	2.90
15.3	2.69
15.2	2.79
15.2	2.80
15.2	2.81
15.2	2.69
15.2	2.51
15.2	2.81
15.1	2.83
15.1	2.81
15.1	2.70
15.0	2.69
15.0	2.64
15.0	2.69
15.0	2.59
15.0	2.64
14.9	2.66
14.9	2.67
14.9	2.67
14.9	2.72
14.8	2.71
14.8	2.55
14.8	2.56
14.7	2.51
14.7	2.56
14.7	2.56
14.7	2.62
14.7	2.64
14.7	2.55
14.6	2.51
14.6	2.50
14.6	2.49
14.5	2.45
14.5	2.44
14.5	2.50
14.5	2.49
14.5	2.53
14.4	2.51
14.4	2.56
14.4	2.58
14.4	2.50
14.3	2.41
14.3	2.33
14.2	2.34
14.2	2.42
14.2	2.42
14.2	2.28
14.2	2.44
14.2	2.47
14.1	2.45
14.1	2.44
14.1	2.34
14.1	2.28
14.1	2.23
14.0	2.26
14.0	2.31
13.9	2.34
14.0	2.41
13.9	2.37
13.9	2.41
13.9	2.35
13.8	2.20
13.8	2.20
13.8	2.18
13.8	2.23
13.8	2.24
13.8	2.28
13.7	2.29
13.7	2.30
13.7	2.30
13.6	2.23
13.6	2.16
13.6	2.11
13.6	2.08
13.5	2.14
13.5	2.15
13.5	2.22
13.5	2.22
13.5	2.20
13.5	2.22
13.4	2.12
13.4	2.09
13.4	2.01
13.3	2.06
13.4	2.12
13.4	2.14
13.3	2.14
13.2	2.17
13.2	2.17
13.2	2.14
13.2	2.00
13.2	2.03
13.1	1.98
13.1	1.96
13.1	1.98
13.1	2.00
13.1	2.04
13.1	2.08
13.0	2.07
13.0	2.10
13.0	2.06
13.0	1.98
12.9	1.91
12.9	1.89
12.9	1.94
12.9	1.94
12.9	1.97
12.9	2.01
12.8	1.99
12.8	2.01
12.8	1.98
12.7	1.90
12.7	1.86
12.7	1.88
12.7	1.83
12.7	1.85
12.7	1.92
12.7	1.89
12.6	1.95
12.6	1.92
12.6	1.91
12.5	1.83
12.5	1.78
12.5	1.79
12.5	1.82
12.5	1.80
12.5	1.86
12.4	1.88
12.4	1.89
12.4	1.89
12.4	1.84
12.3	1.79
12.3	1.72
12.3	1.74
12.3	1.80
12.3	1.75
12.3	1.82
12.2	1.78
12.2	1.83
12.2	1.79
12.2	1.83
12.1	1.78
12.1	1.67
12.1	1.65
12.1	1.68
12.1	1.68
12.1	1.72
12.0	1.77
12.0	1.77
12.0	1.77
12.0	1.66
11.9	1.68
11.9	1.56
11.9	1.58
11.9	1.62
11.9	1.64
11.9	1.65
11.8	1.71
11.8	1.71
11.8	1.73
11.8	1.68
11.7	1.60
11.7	1.56
11.7	1.53
11.7	1.55
11.7	1.57
11.7	1.59
11.6	1.65
11.6	1.65
11.6	1.67
11.6	1.59
11.5	1.56
11.5	1.50
11.5	1.48
11.5	1.48
11.5	1.52
11.5	1.56
11.4	1.53
11.4	1.61
11.4	1.56
11.4	1.56
11.3	1.48
11.3	1.40
11.3	1.40
11.3	1.43
11.3	1.41
11.3	1.49
11.3	1.53
11.2	1.56
11.2	1.51
11.2	1.53
11.1	1.43
11.1	1.38
11.1	1.36
11.1	1.37
11.1	1.46
11.1	1.46
11.1	1.45
11.0	1.48
11.0	1.47
11.0	1.46
11.0	1.40
10.9	1.37
10.9	1.31
10.9	1.34
10.9	1.35
10.9	1.38
10.9	1.41
10.9	1.46
10.8	1.43
10.8	1.41
10.8	1.37
10.7	1.31
10.7	1.28
10.7	1.31
10.7	1.32
10.7	1.37
10.7	1.34
10.7	1.37
10.7	1.38
10.6	1.37
10.6	1.31
10.6	1.25
10.6	1.25
10.5	1.28
10.5	1.30
10.5	1.31
10.5	1.32
10.5	1.34
10.5	1.34
10.5	1.34
10.4	1.27
10.4	1.22
10.4	1.22
10.4	1.22
10.4	1.25
10.4	1.28
10.4	1.29
10.3	1.27
10.3	1.30
10.3	1.25
10.2	1.22
10.2	1.21
10.2	1.21
10.2	1.18
10.2	1.22
10.2	1.25
10.2	1.29
10.2	1.22
10.1	1.28
10.1	1.22
10.1	1.19
10.1	1.13
10.0	1.13
10.0	1.16
10.0	1.16
10.0	1.20
10.0	1.22
10.0	1.19
10.0	1.22
9.9	1.19
9.9	1.13
9.9	1.10
9.9	1.08
9.9	1.16
9.9	1.14
9.9	1.16
9.8	1.16
9.8	1.18
9.8	1.18
9.8	1.13
9.7	1.10
9.7	1.08
9.7	1.06
9.7	1.07
9.7	1.09
9.7	1.12
9.7	1.12
9.7	1.14
9.6	1.12
9.6	1.10
9.6	1.08
9.6	1.07
9.5	1.02
9.5	1.07
9.5	1.10
9.5	1.10
9.5	1.10
9.5	1.12
9.5	1.13
9.4	1.09
9.4	1.04
9.4	1.02
9.4	1.01
9.4	1.02
9.4	1.05
9.4	1.07
9.4	1.06
9.3	1.04
9.3	1.07
9.3	1.07
9.3	1.07
9.2	0.98
9.2	0.99
9.2	0.98
9.2	0.98
9.2	1.03
9.2	1.02
9.2	1.01
9.2	1.03
9.1	1.01
9.1	0.98
9.1	0.97
9.1	0.95
9.1	0.96
9.1	0.98
9.1	0.98
9.0	1.00
9.0	1.00
9.0	1.04
9.0	0.98
9.0	0.95
8.9	0.93
8.9	0.92
8.9	0.92
8.9	0.96
8.9	0.98
8.9	0.95
8.9	0.97
8.8	0.98
8.8	0.95
8.8	0.92
8.8	0.89
8.8	0.89
8.8	0.89
8.8	0.93
8.8	0.92
8.7	0.95
8.7	0.95
8.7	0.92
8.7	0.95
8.6	0.89
8.6	0.86
8.6	0.85
8.6	0.87
8.6	0.89
8.6	0.89
8.6	0.91
8.6	0.94
8.6	0.89
8.5	0.89
8.5	0.85
8.5	0.85
8.5	0.85
8.5	0.82
8.5	0.85
8.5	0.87
8.4	0.89
8.4	0.87
8.4	0.91
8.4	0.85
8.4	0.85
8.3	0.79
8.3	0.77
8.3	0.80
8.3	0.82
8.3	0.84
8.3	0.85
8.3	0.82
8.3	0.85
8.2	0.82
8.2	0.81
8.2	0.76
8.2	0.79
8.2	0.78
8.2	0.81
8.2	0.79
8.2	0.82
8.1	0.82
8.1	0.85
8.1	0.80
8.1	0.79
8.1	0.73
8.0	0.79
8.0	0.78
8.0	0.78
8.0	0.79
8.0	0.76
8.0	0.79
8.0	0.80
8.0	0.79
7.9	0.74
7.9	0.73
7.9	0.73
7.9	0.73
7.9	0.74
7.9	0.73
7.9	0.76
7.9	0.76
7.8	0.79
7.8	0.77
7.8	0.73
7.8	0.72
7.8	0.70
7.8	0.71
7.8	0.73
7.8	0.73
7.7	0.73
7.7	0.75
7.7	0.73
7.7	0.73
7.7	0.72
7.6	0.68
7.6	0.70
7.6	0.70
7.6	0.72
7.6	0.70
7.6	0.70
7.6	0.73
7.6	0.73
7.6	0.70
7.5	0.69
7.5	0.64
7.5	0.67
7.5	0.67
7.5	0.68
7.5	0.68
7.5	0.70
7.5	0.70
7.4	0.70
7.4	0.67
7.4	0.64
7.4	0.61
7.4	0.62
7.4	0.64
7.4	0.66
7.4	0.67
7.4	0.67
7.3	0.68
7.3	0.67
7.3	0.67
7.3	0.64
7.2	0.61
7.2	0.61
7.2	0.64
7.2	0.64
7.2	0.66
7.2	0.64
7.2	0.67
7.2	0.67
7.2	0.65
7.1	0.63
7.1	0.61
7.1	0.59
7.1	0.61
7.1	0.55
7.1	0.61
7.1	0.65
7.1	0.61
7.1	0.65
7.0	0.61
7.0	0.60
7.0	0.58
7.0	0.58
7.0	0.58
7.0	0.59
7.0	0.60
7.0	0.61
6.9	0.61
6.9	0.61
6.9	0.61
6.9	0.58
6.9	0.56
6.9	0.55
6.9	0.58
6.9	0.58
6.9	0.58
6.8	0.58
6.8	0.59
6.8	0.60
6.8	0.61
6.8	0.58
6.7	0.51
6.7	0.52
6.7	0.55
6.7	0.55
6.7	0.55
6.7	0.58
6.7	0.56
6.7	0.58
6.7	0.56
6.6	0.55
6.6	0.53
6.6	0.52
6.6	0.54
6.6	0.54
6.6	0.55
6.6	0.57
6.6	0.55
6.6	0.55
6.5	0.56
6.5	0.55
6.5	0.52
6.5	0.52
6.5	0.52
