Force, Ch A vs Angular Velocity, Ch 1, Run #3
Angular Velocity, Ch 1 ( rad/s )	Force, Ch A ( N )
15.8	4.06
15.8	4.12
15.8	4.21
15.7	4.03
15.7	4.08
15.7	4.18
15.7	4.00
15.6	4.00
15.6	4.08
15.5	3.98
15.5	3.97
15.5	3.97
15.5	3.79
15.5	3.78
15.5	3.75
15.4	3.71
15.4	3.78
15.4	3.95
15.3	3.70
15.3	3.75
15.3	3.95
15.3	3.76
15.3	3.77
15.3	3.89
15.2	3.75
15.2	3.85
15.2	3.84
15.1	3.79
15.1	3.84
15.1	3.74
15.1	3.78
15.1	3.71
15.0	3.79
15.0	3.79
15.0	3.68
15.0	3.71
14.9	3.74
14.9	3.64
14.9	3.71
14.8	3.62
14.8	3.61
14.8	3.66
14.8	3.57
14.8	3.66
14.8	3.69
14.7	3.54
14.7	3.55
14.7	3.60
14.6	3.58
14.6	3.43
14.6	3.50
14.6	3.47
14.6	3.48
14.6	3.53
14.5	3.45
14.5	3.57
14.5	3.43
14.4	3.45
14.4	3.48
14.4	3.41
14.4	3.42
14.4	3.40
14.4	3.43
14.3	3.42
14.3	3.42
14.3	3.42
14.2	3.39
14.2	3.42
14.2	3.30
14.2	3.28
14.1	3.33
14.1	3.16
14.1	3.18
14.1	3.20
14.1	3.30
14.1	3.27
14.0	3.15
14.0	3.12
14.0	3.27
13.9	3.14
13.9	3.21
13.9	3.26
13.9	3.10
13.9	3.06
13.9	3.11
13.8	3.16
13.8	3.10
13.8	3.11
13.7	3.11
13.7	3.08
13.7	3.08
13.7	3.11
13.7	3.11
13.7	3.11
13.7	3.14
13.6	3.11
13.6	3.11
13.6	3.02
13.5	3.00
13.5	3.05
13.5	2.95
13.5	2.89
13.5	2.93
13.5	3.01
13.4	2.93
13.4	3.02
13.4	2.91
13.3	2.93
13.3	2.99
13.3	2.81
13.3	2.82
13.3	2.85
13.3	2.85
13.3	2.90
13.2	2.90
13.2	2.91
13.2	2.87
13.1	2.87
13.1	2.85
13.1	2.81
13.1	2.84
13.1	2.81
13.1	2.73
13.1	2.78
13.0	2.84
13.0	2.74
13.0	2.74
12.9	2.75
12.9	2.78
12.9	2.71
12.9	2.75
12.9	2.65
12.9	2.68
12.8	2.71
12.8	2.69
12.8	2.71
12.8	2.72
12.7	2.69
12.7	2.66
12.7	2.67
12.7	2.66
12.7	2.64
12.7	2.66
12.6	2.62
12.6	2.63
12.6	2.62
12.6	2.64
12.5	2.61
12.5	2.63
12.5	2.53
12.5	2.54
12.5	2.53
12.5	2.55
12.4	2.56
12.4	2.62
12.4	2.53
12.4	2.55
12.3	2.53
12.3	2.48
12.3	2.50
12.3	2.46
12.3	2.47
12.3	2.47
12.3	2.52
12.2	2.36
12.2	2.49
12.2	2.47
12.1	2.39
12.1	2.42
12.1	2.42
12.1	2.33
12.1	2.36
12.1	2.41
12.1	2.39
12.0	2.42
12.0	2.41
12.0	2.41
11.9	2.38
11.9	2.37
11.9	2.29
11.9	2.26
11.9	2.32
11.9	2.31
11.9	2.36
11.8	2.32
11.8	2.32
11.8	2.34
11.8	2.30
11.7	2.20
11.7	2.26
11.7	2.20
11.7	2.26
11.7	2.20
11.7	2.27
11.7	2.21
11.6	2.29
11.6	2.19
11.6	2.23
11.5	2.15
11.5	2.20
11.5	2.12
11.5	2.19
11.5	2.15
11.5	2.23
11.5	2.21
11.4	2.12
11.4	2.18
11.4	2.09
11.4	2.11
11.3	2.09
11.3	2.10
11.3	2.11
11.3	2.11
11.3	2.02
11.3	2.04
11.3	2.06
11.2	2.03
11.2	2.08
11.2	2.01
11.2	2.04
11.1	2.03
11.1	1.99
11.1	2.08
11.1	1.96
11.1	1.96
11.1	2.04
11.1	2.03
11.0	2.03
11.0	2.00
11.0	1.98
11.0	1.95
11.0	1.96
11.0	1.97
11.0	1.98
10.9	2.01
10.9	2.01
10.9	1.93
10.9	1.97
10.8	1.91
10.8	1.94
10.8	1.86
10.8	1.85
10.8	1.89
10.8	1.87
10.8	1.88
10.7	1.87
10.7	1.92
10.7	1.86
10.6	1.89
10.6	1.84
10.6	1.85
10.6	1.86
10.6	1.86
10.6	1.92
10.6	1.86
10.6	1.87
10.5	1.88
10.5	1.83
10.5	1.83
10.5	1.77
10.5	1.80
10.5	1.74
10.5	1.81
10.4	1.77
10.4	1.78
10.4	1.83
10.4	1.78
10.3	1.81
10.3	1.75
10.3	1.74
10.3	1.68
10.3	1.77
10.3	1.71
10.3	1.74
10.3	1.75
10.2	1.74
10.2	1.76
10.2	1.71
10.2	1.74
10.1	1.71
10.1	1.67
10.1	1.70
10.1	1.65
10.1	1.68
10.1	1.67
10.1	1.70
10.0	1.73
10.0	1.63
10.0	1.67
10.0	1.62
10.0	1.65
10.0	1.63
10.0	1.66
10.0	1.68
9.9	1.68
9.9	1.63
9.9	1.65
9.9	1.54
9.8	1.57
9.8	1.59
9.8	1.51
9.8	1.55
9.8	1.57
9.8	1.63
9.8	1.56
9.7	1.57
9.7	1.59
9.7	1.56
9.7	1.56
9.6	1.53
9.6	1.50
9.6	1.53
9.6	1.53
9.6	1.54
9.6	1.53
9.6	1.55
9.6	1.55
9.5	1.53
9.5	1.49
9.5	1.50
9.5	1.50
9.5	1.46
9.5	1.43
9.5	1.45
9.5	1.44
9.4	1.43
9.4	1.45
9.4	1.43
9.4	1.43
9.3	1.42
9.3	1.42
9.3	1.40
9.3	1.43
9.3	1.42
9.3	1.44
9.3	1.44
9.3	1.43
9.2	1.43
9.2	1.40
9.2	1.37
9.2	1.36
9.2	1.37
9.2	1.40
9.2	1.40
9.2	1.46
9.1	1.37
9.1	1.34
9.1	1.34
9.0	1.32
9.0	1.33
9.0	1.30
9.0	1.31
9.0	1.36
9.0	1.37
9.0	1.34
9.0	1.34
9.0	1.34
8.9	1.34
8.9	1.31
8.9	1.29
8.9	1.25
8.9	1.26
8.9	1.28
8.9	1.31
8.9	1.28
8.8	1.28
8.8	1.28
8.8	1.28
8.8	1.28
8.7	1.22
8.7	1.25
8.7	1.25
8.7	1.19
8.7	1.20
8.7	1.19
8.7	1.22
8.7	1.22
8.6	1.22
8.6	1.22
8.6	1.22
8.6	1.20
8.6	1.19
8.6	1.20
8.6	1.22
8.6	1.22
8.5	1.23
8.5	1.23
8.5	1.22
8.5	1.16
8.5	1.16
8.5	1.15
8.5	1.16
8.5	1.16
8.4	1.16
8.4	1.19
8.4	1.16
8.4	1.19
8.4	1.19
8.3	1.16
8.3	1.13
8.3	1.11
8.3	1.13
8.3	1.13
8.3	1.14
8.3	1.15
8.3	1.16
8.2	1.15
8.2	1.16
8.2	1.07
8.2	1.09
8.2	1.08
8.2	1.07
8.2	1.10
8.2	1.10
8.1	1.10
8.1	1.10
8.1	1.13
8.1	1.10
8.1	1.07
8.1	1.07
8.0	1.06
8.1	1.07
8.0	1.10
8.0	1.07
8.0	1.07
8.0	1.07
8.0	1.08
7.9	1.07
7.9	1.03
7.9	1.04
7.9	1.04
7.9	1.01
7.9	1.02
7.9	1.04
7.9	1.05
7.9	1.04
7.8	1.04
7.8	1.04
7.8	1.04
7.8	0.98
