Force, Ch A vs Angular Velocity, Ch 1, Run #4
Angular Velocity, Ch 1 ( rad/s )	Force, Ch A ( N )
16.9	5.99
16.9	6.17
16.9	6.16
16.9	6.20
16.8	6.14
16.8	6.11
16.7	6.05
16.7	6.06
16.7	6.09
16.7	6.04
16.7	5.87
16.7	5.73
16.7	5.92
16.6	5.94
16.6	5.96
16.5	5.94
16.5	5.49
16.5	5.52
16.4	5.71
16.5	5.75
16.5	5.87
16.4	5.54
16.4	5.48
16.4	5.63
16.3	5.70
16.3	5.82
16.2	5.32
16.2	5.46
16.2	5.43
16.2	5.50
16.2	5.69
16.2	5.34
16.2	5.41
16.1	5.58
16.1	5.67
16.0	5.36
16.0	5.39
16.0	5.41
16.0	5.58
16.0	5.51
16.0	5.21
16.0	5.35
15.9	5.31
15.9	5.40
15.9	5.32
15.8	5.37
15.8	5.34
15.7	5.21
15.7	5.32
15.7	5.25
15.7	5.16
15.7	5.32
15.7	5.29
15.7	5.24
15.6	5.29
15.6	5.13
15.5	5.23
15.5	5.19
15.5	4.94
15.5	5.00
15.5	5.15
15.5	4.94
15.5	4.94
15.4	5.00
15.4	5.16
15.4	5.10
15.3	4.90
15.3	4.76
15.3	4.94
15.3	4.96
15.3	4.80
15.3	4.89
15.2	5.04
15.2	4.67
15.2	4.86
15.1	4.90
15.1	4.86
15.1	4.85
15.1	4.91
15.0	4.67
15.0	4.60
15.0	4.79
15.0	4.91
15.0	4.60
15.0	4.71
14.9	4.70
14.9	4.67
14.8	4.60
14.8	4.72
14.8	4.61
14.8	4.60
14.8	4.69
14.8	4.63
14.8	4.72
14.7	4.68
14.7	4.61
14.6	4.64
14.6	4.55
14.6	4.55
14.6	4.48
14.6	4.49
14.6	4.52
14.6	4.58
14.5	4.52
14.5	4.56
14.5	4.49
14.4	4.50
14.4	4.36
14.4	4.41
14.4	4.46
14.4	4.25
14.4	4.38
14.4	4.39
14.3	4.36
14.3	4.36
14.3	4.33
14.2	4.33
14.2	4.29
14.2	4.21
14.2	4.17
14.2	4.28
14.2	4.32
14.1	4.15
14.1	4.23
14.1	4.27
14.1	4.27
14.0	4.18
14.0	4.14
14.0	4.21
14.0	4.20
14.0	4.11
14.0	4.17
13.9	4.16
13.9	4.07
13.9	4.18
13.8	4.02
13.8	4.07
13.8	4.00
13.8	4.05
13.8	3.97
13.8	3.91
13.8	4.06
13.7	3.97
13.7	4.09
13.7	4.00
13.6	4.00
13.6	3.93
13.6	3.79
13.6	3.88
13.6	3.88
13.6	3.91
13.6	3.85
13.5	4.01
13.5	3.84
13.5	3.88
13.4	3.83
13.4	3.84
13.4	3.83
13.4	3.82
13.4	3.72
13.4	3.58
13.3	3.72
13.3	3.81
13.3	3.74
13.3	3.67
13.2	3.78
13.2	3.70
13.2	3.60
13.2	3.54
13.2	3.66
13.2	3.59
13.2	3.49
13.1	3.66
13.1	3.66
13.1	3.59
13.0	3.54
13.0	3.63
13.0	3.49
13.0	3.57
13.0	3.51
13.0	3.48
13.0	3.62
12.9	3.51
12.9	3.67
12.9	3.48
12.8	3.51
12.8	3.25
12.8	3.39
12.8	3.44
12.8	3.33
12.8	3.37
12.8	3.40
12.7	3.46
12.7	3.48
12.7	3.40
12.7	3.48
12.6	3.33
12.6	3.43
12.6	3.31
12.6	3.39
12.6	3.33
12.6	3.36
12.6	3.42
12.5	3.39
12.5	3.38
12.5	3.37
12.4	3.39
12.4	3.30
12.4	3.30
12.4	3.28
12.4	3.29
12.4	3.30
12.4	3.33
12.3	3.28
12.3	3.31
12.3	3.29
12.3	3.24
12.2	3.26
12.2	3.20
12.2	3.22
12.2	3.16
12.2	3.25
12.2	3.13
12.2	3.18
12.1	3.17
12.1	3.16
12.1	3.14
12.0	3.05
12.0	3.10
12.0	3.00
12.0	3.02
12.0	2.97
12.0	3.01
12.0	2.88
11.9	2.88
11.9	2.80
11.9	2.79
11.9	2.75
11.9	2.74
11.9	2.81
11.9	2.78
11.9	2.84
11.8	2.85
11.8	2.86
11.8	2.91
11.7	2.80
11.7	2.83
11.7	2.86
11.7	2.82
11.7	2.83
11.7	2.78
11.7	2.90
11.6	2.84
11.6	2.93
11.6	2.83
11.6	2.88
11.5	2.87
11.5	2.78
11.5	2.75
11.5	2.76
11.5	2.81
11.5	2.80
11.5	2.90
11.4	2.81
11.4	2.85
11.4	2.79
11.4	2.78
11.3	2.72
11.3	2.75
11.3	2.68
11.3	2.69
11.3	2.72
11.3	2.70
11.3	2.73
11.2	2.75
11.2	2.72
11.2	2.59
11.2	2.59
11.2	2.59
11.2	2.63
11.2	2.50
11.1	2.58
11.1	2.57
11.1	2.62
11.1	2.62
11.0	2.60
11.0	2.62
11.0	2.52
11.0	2.40
11.0	2.48
11.0	2.55
11.0	2.49
11.0	2.52
10.9	2.52
10.9	2.54
10.9	2.45
10.9	2.51
10.8	2.50
10.8	2.45
10.8	2.52
10.8	2.46
10.8	2.56
10.8	2.48
10.8	2.53
10.7	2.56
10.7	2.38
10.7	2.47
10.7	2.36
10.7	2.40
10.7	2.44
10.7	2.36
10.7	2.44
10.6	2.49
10.6	2.50
10.6	2.44
10.6	2.41
10.5	2.41
10.5	2.32
10.5	2.34
10.5	2.35
10.5	2.26
10.5	2.32
10.5	2.37
10.4	2.33
10.4	2.38
10.4	2.38
10.4	2.15
10.3	2.21
10.3	2.26
10.3	2.27
10.3	2.22
10.3	2.26
10.3	2.27
10.3	2.26
10.3	2.35
10.2	2.17
10.2	2.17
10.2	2.20
10.2	2.20
10.2	2.19
10.2	2.19
10.2	2.18
10.1	2.23
10.1	2.21
10.1	2.28
10.1	1.95
10.1	2.04
10.0	2.15
10.0	2.16
10.0	2.17
10.0	2.02
10.0	2.01
10.0	2.02
10.0	2.08
9.9	2.03
9.9	2.04
9.9	2.14
9.9	1.99
9.9	2.04
9.9	2.06
9.9	2.04
9.9	2.08
9.8	2.04
9.8	2.06
9.8	2.10
9.8	2.01
9.7	2.00
9.7	1.98
9.7	1.95
9.7	2.04
9.8	2.08
9.7	1.78
9.7	1.93
9.6	1.95
9.6	1.98
9.6	2.01
9.6	1.79
9.6	1.83
9.6	1.86
9.6	1.90
9.6	1.83
9.6	1.92
9.5	1.89
9.5	1.93
9.5	1.94
9.5	1.88
9.4	1.90
9.4	1.89
9.4	1.89
9.4	1.84
9.4	1.89
9.4	1.88
9.4	1.92
9.4	1.92
9.3	1.92
9.3	1.83
9.3	1.83
9.3	1.82
9.3	1.83
9.3	1.80
9.3	1.83
9.3	1.86
9.3	1.86
9.2	1.92
9.2	1.77
9.2	1.79
9.2	1.80
9.1	1.77
9.1	1.74
9.1	1.80
9.1	1.75
9.1	1.82
9.1	1.83
9.1	1.86
9.1	1.80
9.0	1.80
9.0	1.71
9.0	1.71
9.0	1.68
9.0	1.71
9.0	1.71
9.0	1.77
9.0	1.77
9.0	1.80
8.9	1.74
8.9	1.73
8.9	1.69
8.9	1.59
8.9	1.65
8.9	1.63
8.9	1.60
8.9	1.65
8.8	1.65
8.8	1.63
8.8	1.70
8.8	1.71
8.8	1.68
8.7	1.62
8.7	1.59
8.7	1.62
8.7	1.59
8.7	1.57
8.7	1.48
8.7	1.53
8.7	1.53
8.6	1.50
8.6	1.52
8.6	1.52
8.6	1.47
8.6	1.53
8.6	1.57
8.6	1.49
8.6	1.53
8.6	1.57
8.5	1.49
8.5	1.53
8.5	1.53
8.5	1.51
8.5	1.50
8.5	1.53
8.5	1.53
8.5	1.50
8.4	1.56
8.4	1.54
8.4	1.50
8.4	1.47
8.4	1.53
8.3	1.46
8.3	1.46
8.3	1.45
8.3	1.43
8.3	1.43
8.3	1.50
8.3	1.46
8.3	1.43
8.2	1.45
8.2	1.46
8.2	1.43
8.2	1.40
8.2	1.41
8.2	1.42
8.2	1.43
8.2	1.45
8.2	1.42
8.1	1.43
8.1	1.43
8.1	1.35
8.1	1.35
8.1	1.37
8.1	1.30
8.1	1.35
8.1	1.34
8.1	1.36
8.0	1.37
8.0	1.34
8.0	1.36
8.0	1.34
8.0	1.34
8.0	1.32
8.0	1.34
8.0	1.34
8.0	1.35
7.9	1.37
7.9	1.37
7.9	1.34
7.9	1.37
7.9	1.32
7.8	1.31
7.8	1.28
