Force, Ch A vs Angular Velocity, Ch 1, Run #6
Angular Velocity, Ch 1 ( rad/s )	Force, Ch A ( N )
13.9	3.28
13.9	3.30
13.9	3.39
13.9	3.38
13.9	3.31
13.8	3.32
13.8	3.37
13.8	3.33
13.7	3.31
13.7	3.22
13.7	3.14
13.7	3.21
13.7	3.27
13.7	3.16
13.7	3.18
13.6	3.21
13.6	3.21
13.6	3.05
13.5	3.11
13.5	3.04
13.5	2.94
13.5	3.00
13.5	3.18
13.5	3.11
13.5	3.17
13.4	3.22
13.4	2.99
13.4	3.04
13.3	3.08
13.3	3.11
13.3	3.04
13.3	3.08
13.3	3.06
13.3	3.13
13.3	3.14
13.2	3.12
13.2	3.08
13.2	2.95
13.1	2.91
13.1	2.95
13.1	2.94
13.1	2.95
13.1	2.95
13.1	2.98
13.0	3.01
13.0	2.96
13.0	2.91
13.0	2.96
12.9	2.96
12.9	2.87
12.9	2.79
12.9	2.72
12.9	2.79
12.9	2.88
12.9	2.86
12.8	2.79
12.8	2.81
12.8	2.86
12.7	2.75
12.7	2.80
12.7	2.83
12.7	2.78
12.7	2.86
12.7	2.79
12.7	2.84
12.6	2.86
12.6	2.78
12.6	2.78
12.5	2.74
12.5	2.73
12.5	2.72
12.5	2.71
12.5	2.73
12.5	2.75
12.5	2.75
12.4	2.74
12.4	2.75
12.4	2.72
12.3	2.76
12.3	2.62
12.3	2.62
12.3	2.51
12.3	2.53
12.3	2.64
12.3	2.61
12.3	2.59
12.2	2.62
12.1	2.54
12.1	2.59
12.1	2.53
12.1	2.56
12.1	2.50
12.1	2.50
12.1	2.43
12.1	2.56
12.1	2.47
12.0	2.57
12.0	2.47
12.0	2.53
11.9	2.44
11.9	2.35
11.9	2.44
11.9	2.38
11.9	2.42
11.9	2.39
11.9	2.45
11.8	2.39
11.8	2.41
11.8	2.39
11.8	2.41
11.8	2.39
11.8	2.41
11.7	2.37
11.7	2.39
11.7	2.47
11.7	2.38
11.7	2.37
11.6	2.39
11.6	2.34
11.6	2.35
11.6	2.23
11.6	2.32
11.6	2.32
11.6	2.26
11.5	2.29
11.5	2.35
11.5	2.34
11.4	2.27
11.4	2.30
11.4	2.24
11.4	2.26
11.4	2.23
11.4	2.20
11.4	2.26
11.4	2.30
11.3	2.26
11.3	2.28
11.3	2.25
11.2	2.23
11.2	2.26
11.2	2.20
11.2	2.20
11.2	2.19
11.2	2.17
11.2	2.20
11.1	2.21
11.1	2.20
11.1	2.17
11.1	2.16
11.0	2.14
11.0	2.08
11.0	2.14
11.0	2.14
11.0	2.11
11.0	2.16
11.0	2.19
10.9	2.05
10.9	2.08
10.9	2.10
10.9	2.06
10.9	2.08
10.9	2.05
10.9	2.08
10.9	2.10
10.8	2.10
10.8	2.06
10.8	2.10
10.7	2.00
10.7	2.01
10.7	1.96
10.7	2.01
10.7	1.92
10.7	1.96
10.7	1.97
10.7	1.98
10.6	1.98
10.6	2.01
10.6	1.98
10.6	1.98
10.5	1.86
10.5	1.90
10.5	1.91
10.5	1.92
10.5	1.92
10.5	1.94
10.5	1.92
10.4	1.93
10.4	1.89
10.4	1.92
10.4	1.89
10.4	1.85
10.4	1.80
10.4	1.86
10.3	1.85
10.3	1.89
10.3	1.87
10.3	1.88
10.2	1.83
10.2	1.84
10.2	1.80
10.2	1.83
10.2	1.80
10.2	1.83
10.2	1.81
10.2	1.85
10.1	1.85
10.1	1.85
10.1	1.84
10.1	1.77
10.0	1.76
10.0	1.71
10.0	1.74
10.0	1.77
10.0	1.76
10.0	1.76
10.0	1.80
10.0	1.78
9.9	1.77
9.9	1.71
9.9	1.74
9.9	1.68
9.9	1.68
9.9	1.71
9.9	1.70
9.9	1.73
9.8	1.74
9.8	1.74
9.8	1.71
9.8	1.68
9.7	1.65
9.7	1.65
9.7	1.65
9.7	1.68
9.7	1.69
9.7	1.68
9.7	1.68
9.6	1.68
9.6	1.68
9.6	1.63
9.6	1.62
9.6	1.55
9.6	1.56
9.6	1.60
9.6	1.60
9.5	1.59
9.5	1.62
9.5	1.62
9.5	1.62
9.5	1.58
9.4	1.56
9.4	1.56
9.4	1.57
9.4	1.53
9.4	1.59
9.4	1.57
9.4	1.59
9.3	1.56
9.3	1.59
9.3	1.53
9.3	1.53
9.3	1.51
9.3	1.50
9.3	1.53
9.3	1.50
9.2	1.55
9.2	1.53
9.2	1.53
9.2	1.53
9.2	1.53
9.1	1.46
9.1	1.45
9.1	1.46
9.1	1.46
9.1	1.47
9.1	1.49
9.1	1.53
9.1	1.49
9.0	1.46
9.0	1.43
9.0	1.43
9.0	1.40
9.0	1.41
9.0	1.46
9.0	1.46
9.0	1.46
8.9	1.46
8.9	1.46
8.9	1.37
8.9	1.34
8.8	1.38
8.8	1.35
8.8	1.37
8.8	1.37
8.8	1.38
8.8	1.40
8.8	1.41
8.8	1.40
8.7	1.34
8.7	1.34
8.7	1.34
8.7	1.34
8.7	1.33
8.7	1.33
8.7	1.34
8.7	1.34
8.7	1.37
8.6	1.34
8.6	1.34
8.6	1.28
8.6	1.28
8.6	1.28
8.6	1.28
8.6	1.31
8.6	1.32
8.5	1.31
8.5	1.34
8.5	1.31
8.5	1.29
8.4	1.26
8.4	1.26
8.4	1.22
8.4	1.23
8.4	1.22
8.4	1.20
8.4	1.22
8.4	1.19
8.4	1.19
8.3	1.19
8.3	1.16
8.3	1.16
8.3	1.17
8.3	1.16
8.3	1.16
8.3	1.19
8.3	1.19
8.2	1.19
8.2	1.22
8.2	1.19
8.2	1.19
8.2	1.18
8.2	1.19
8.2	1.19
8.2	1.17
8.2	1.19
8.1	1.22
8.1	1.22
8.1	1.21
8.1	1.19
8.0	1.14
8.0	1.13
8.0	1.13
8.0	1.13
8.0	1.15
8.0	1.13
8.0	1.13
8.0	1.16
8.0	1.13
7.9	1.16
7.9	1.01
7.9	1.07
7.9	1.07
