Force, Ch A vs Angular Velocity, Ch 1, Run #8
Angular Velocity, Ch 1 ( rad/s )	Force, Ch A ( N )
17.8	1.68
17.8	1.87
17.7	1.85
17.7	1.86
17.6	1.86
17.6	1.83
17.6	1.87
17.5	1.77
17.5	1.84
17.5	1.84
17.5	1.86
17.4	1.89
17.4	1.86
17.3	1.53
17.3	1.66
17.2	1.71
17.2	1.77
17.3	1.75
17.3	1.74
17.2	1.68
17.1	1.72
17.0	1.73
17.0	1.71
17.0	1.72
16.9	1.78
16.9	1.66
16.9	1.59
16.9	1.70
16.8	1.66
16.8	1.71
16.8	1.65
16.7	1.63
16.7	1.64
16.6	1.64
16.6	1.68
16.6	1.65
16.5	1.60
16.5	1.60
16.5	1.65
16.5	1.60
16.5	1.58
16.4	1.62
16.4	1.60
16.3	1.59
16.3	1.62
16.2	1.59
16.2	1.58
16.2	1.53
16.2	1.55
16.2	1.55
16.1	1.53
16.1	1.52
16.0	1.50
16.0	1.53
15.9	1.54
15.9	1.53
15.9	1.53
15.9	1.53
15.9	1.48
15.8	1.46
15.8	1.47
15.8	1.49
15.7	1.46
15.7	1.48
15.6	1.53
15.6	1.42
15.6	1.41
15.6	1.45
15.6	1.46
15.5	1.42
15.5	1.40
15.5	1.41
15.4	1.43
15.4	1.41
15.3	1.43
15.3	1.38
15.3	1.40
15.3	1.40
15.3	1.40
15.2	1.36
15.2	1.38
15.2	1.34
15.1	1.37
15.1	1.43
15.0	1.36
15.0	1.35
15.0	1.34
15.0	1.34
15.0	1.27
14.9	1.30
14.9	1.31
14.9	1.28
14.8	1.28
14.8	1.30
14.7	1.31
14.7	1.31
14.7	1.29
14.7	1.26
14.7	1.27
14.6	1.26
14.6	1.28
14.6	1.23
14.5	1.27
14.5	1.25
14.4	1.28
14.4	1.22
14.4	1.17
14.4	1.27
14.4	1.19
14.4	1.17
14.3	1.19
14.3	1.22
14.3	1.13
14.2	1.23
14.2	1.18
14.1	1.20
14.1	1.19
14.1	1.18
14.1	1.18
14.1	1.16
14.1	1.14
14.0	1.14
14.0	1.16
13.9	1.16
13.9	1.18
13.9	1.16
13.8	1.13
13.8	1.13
13.8	1.16
13.8	1.12
13.8	1.07
13.7	1.08
13.7	1.09
13.7	1.08
13.6	1.08
13.6	1.10
13.6	1.04
13.6	1.09
13.6	1.08
13.5	1.10
13.5	1.07
13.5	1.09
13.4	1.09
13.4	1.10
13.4	1.09
13.3	1.08
13.3	1.04
13.3	1.04
13.3	1.06
13.3	1.04
13.2	1.04
13.2	1.04
13.2	1.04
13.1	1.04
13.1	1.04
13.1	1.01
13.0	1.03
13.0	1.00
13.0	1.01
13.0	0.98
13.0	1.00
12.9	0.99
12.9	0.98
12.9	1.00
12.8	0.98
12.8	0.98
12.8	0.95
12.8	0.95
12.8	0.95
12.8	0.95
12.7	0.97
12.7	0.95
12.7	0.95
12.6	0.95
12.6	0.95
12.6	0.95
12.5	0.94
12.5	0.93
12.5	0.89
12.5	0.89
12.5	0.89
12.4	0.87
12.4	0.89
12.4	0.86
12.3	0.89
12.3	0.90
12.3	0.89
12.3	0.90
12.3	0.89
12.3	0.89
12.2	0.89
12.2	0.90
12.2	0.88
12.1	0.89
12.1	0.83
12.1	0.88
12.0	0.85
12.0	0.85
12.0	0.85
12.0	0.85
12.0	0.85
12.0	0.86
11.9	0.80
11.9	0.83
11.9	0.85
11.8	0.83
11.8	0.82
11.8	0.82
11.8	0.79
11.8	0.82
11.8	0.82
11.7	0.80
11.7	0.80
11.7	0.77
11.6	0.80
11.6	0.84
11.6	0.79
11.6	0.77
11.6	0.76
11.6	0.79
11.5	0.77
11.5	0.76
11.5	0.76
11.4	0.74
11.4	0.79
11.4	0.76
11.4	0.70
11.3	0.62
11.3	0.75
11.3	0.73
11.3	0.73
11.3	0.73
11.2	0.68
11.2	0.75
11.2	0.72
11.1	0.71
11.1	0.73
11.1	0.72
11.1	0.73
11.1	0.73
11.1	0.72
11.0	0.73
11.0	0.70
11.0	0.70
10.9	0.71
10.9	0.70
10.9	0.70
10.9	0.68
10.9	0.70
10.9	0.68
10.9	0.67
10.8	0.67
10.8	0.68
10.8	0.70
10.7	0.66
10.7	0.70
10.7	0.69
10.7	0.64
10.7	0.68
10.7	0.65
10.6	0.65
10.6	0.66
10.6	0.65
10.5	0.64
10.5	0.64
10.5	0.67
10.5	0.66
10.5	0.64
10.5	0.64
10.5	0.64
10.4	0.62
10.4	0.64
10.4	0.63
10.3	0.63
10.3	0.64
10.3	0.64
10.3	0.65
10.3	0.60
10.3	0.61
10.2	0.61
10.2	0.64
10.2	0.61
10.2	0.61
10.1	0.58
10.1	0.58
10.1	0.60
10.1	0.55
10.1	0.59
10.1	0.58
10.0	0.60
10.0	0.58
10.0	0.58
10.0	0.58
9.9	0.58
9.9	0.56
9.9	0.58
9.9	0.58
9.9	0.57
9.9	0.58
9.8	0.57
9.8	0.57
9.8	0.57
9.8	0.55
9.7	0.53
9.7	0.55
9.7	0.55
9.7	0.52
9.7	0.52
9.7	0.54
9.7	0.55
9.6	0.55
9.6	0.52
9.6	0.55
9.5	0.49
9.5	0.52
9.5	0.52
9.5	0.55
9.5	0.51
9.5	0.52
9.5	0.52
9.4	0.50
9.4	0.52
9.4	0.50
9.3	0.52
9.3	0.45
9.3	0.50
9.3	0.49
9.3	0.50
9.3	0.47
9.3	0.52
9.2	0.51
9.2	0.49
9.2	0.51
9.2	0.46
9.1	0.47
9.1	0.49
9.1	0.47
9.1	0.47
9.1	0.48
9.1	0.46
9.1	0.49
9.0	0.47
9.0	0.46
9.0	0.48
8.9	0.46
8.9	0.46
8.9	0.47
8.9	0.46
8.9	0.46
8.9	0.44
8.9	0.46
8.8	0.43
8.8	0.44
8.8	0.45
8.8	0.45
8.7	0.43
8.7	0.45
8.7	0.43
8.7	0.44
8.7	0.45
8.7	0.46
8.7	0.46
8.6	0.43
8.6	0.43
8.6	0.42
8.6	0.43
8.6	0.45
8.6	0.43
8.6	0.39
8.5	0.43
8.5	0.43
8.5	0.43
8.5	0.41
8.4	0.40
8.4	0.40
8.4	0.40
8.4	0.42
8.4	0.40
8.4	0.40
8.4	0.42
8.3	0.40
8.3	0.40
8.3	0.40
8.3	0.38
8.2	0.38
8.2	0.37
8.2	0.40
8.2	0.37
8.2	0.39
8.2	0.40
8.2	0.39
8.1	0.39
8.1	0.37
8.1	0.37
8.1	0.37
8.1	0.36
8.0	0.37
8.0	0.37
8.0	0.39
8.0	0.37
8.0	0.37
8.0	0.37
